"drag-rfile"
"Time Step" "drag etc.."
("Time Step" "drag(cylinder)" "flow-time")
1600 1.336562964975816 0.8
1601 1.336629859232183 0.8005
1602 1.335743581570762 0.801
1603 1.334097972916906 0.8015
1604 1.331456789336447 0.802
1605 1.328162863080332 0.8025
1606 1.324141184077642 0.803
1607 1.319546889231558 0.8035
1608 1.314464481359639 0.804
1609 1.308632486200898 0.8045
1610 1.302295786355886 0.805
1611 1.295578440088378 0.8055
1612 1.288527692816885 0.806
1613 1.281336441628153 0.8065
1614 1.273985409601709 0.8070000000000001
1615 1.26657274632565 0.8075
1616 1.259465209264305 0.8080000000000001
1617 1.252583870518651 0.8085
1618 1.246083621032584 0.8090000000000001
1619 1.2400847574383 0.8095
1620 1.234611840763174 0.8100000000000001
1621 1.230012432594602 0.8105
1622 1.226296934801939 0.8110000000000001
1623 1.223431038406112 0.8115
1624 1.221543658225956 0.8120000000000001
1625 1.220588775081119 0.8125
1626 1.22094188446555 0.8130000000000001
1627 1.222326046151669 0.8135
1628 1.224970322576986 0.8140000000000001
1629 1.228737929241428 0.8145
1630 1.233323531894742 0.8150000000000001
1631 1.239067852705359 0.8155
1632 1.245468057814526 0.8160000000000001
1633 1.252477786774567 0.8165
1634 1.260167816734265 0.8170000000000001
1635 1.268117560882851 0.8175
1636 1.276276408622008 0.8180000000000001
1637 1.284564092451045 0.8185
1638 1.292740250012399 0.8190000000000001
1639 1.300676001946636 0.8195
1640 1.308183506972318 0.8200000000000001
1641 1.315230057561345 0.8205
1642 1.321648446753206 0.8210000000000001
1643 1.327373584990085 0.8215
1644 1.332301862880443 0.8220000000000001
1645 1.336452375167303 0.8225
1646 1.3397592898763 0.8230000000000001
1647 1.342245304875394 0.8235
1648 1.343653062266913 0.8240000000000001
1649 1.34424882131036 0.8245
1650 1.343898794577158 0.8250000000000001
1651 1.342644564291826 0.8255
1652 1.340649054218721 0.8260000000000001
1653 1.337839688777732 0.8265
1654 1.334217430675385 0.8270000000000001
1655 1.32981958167838 0.8275
1656 1.324728132837256 0.8280000000000001
1657 1.319061251008781 0.8285
1658 1.312895190737628 0.8290000000000001
1659 1.306329957160011 0.8295
1660 1.299117124602663 0.8300000000000001
1661 1.291810950710234 0.8305
1662 1.284196815186841 0.8310000000000001
1663 1.276564936631467 0.8315
1664 1.269020753769506 0.8320000000000001
1665 1.261783913302305 0.8325
1666 1.254769097850514 0.833
1667 1.248225150115361 0.8335
1668 1.242256161208734 0.834
1669 1.236951656816606 0.8345
1670 1.232447205965772 0.835
1671 1.22871634008116 0.8355
1672 1.225974701576864 0.836
1673 1.224341439101279 0.8365
1674 1.223819127204335 0.837
1675 1.224457847692448 0.8375
1676 1.226316675030234 0.838
1677 1.229258689253424 0.8385
1678 1.233209400024519 0.839
1679 1.238174228120999 0.8395
1680 1.244098710138152 0.84
1681 1.250683953132312 0.8405
1682 1.257917591913456 0.841
1683 1.265603439026336 0.8415
1684 1.273492832444833 0.842
1685 1.281510361476415 0.8425
1686 1.289599800220305 0.843
1687 1.297510843525822 0.8435
1688 1.305139257802811 0.844
1689 1.31227101995554 0.8445
1690 1.318877531944127 0.845
1691 1.324761704298109 0.8455
1692 1.329954787938624 0.846
1693 1.334354083686182 0.8465
1694 1.337862130817468 0.847
1695 1.340533800011469 0.8475
1696 1.342263900102745 0.848
1697 1.343182184812105 0.8485
1698 1.343217949308662 0.849
1699 1.34231733103631 0.8495
1700 1.340589653970929 0.85
1701 1.337911018200982 0.8505
1702 1.334450062600115 0.851
1703 1.33027875784106 0.8515
1704 1.325510186050069 0.852
1705 1.32027435554125 0.8525
1706 1.31430335002921 0.853
1707 1.307753437487507 0.8535
1708 1.300838652534465 0.854
1709 1.293599244641062 0.8545
1710 1.286132106392162 0.855
1711 1.278616332452349 0.8555
1712 1.270968506589927 0.856
1713 1.263578949440082 0.8565
1714 1.256524849601817 0.857
1715 1.249769048238779 0.8575
1716 1.24360927838705 0.858
1717 1.23797536696249 0.8585
1718 1.233164726562864 0.859
1719 1.229349734588917 0.8595
1720 1.226394047360302 0.86
1721 1.224411800336516 0.8605
1722 1.223433584803737 0.861
1723 1.223714312930897 0.8615
1724 1.225179971316799 0.862
1725 1.22786638744646 0.8625
1726 1.231701068876955 0.863
1727 1.236441629777157 0.8635
1728 1.242283103159162 0.864
1729 1.248827216745118 0.8645
1730 1.25600469296787 0.865
1731 1.263901727112264 0.8655
1732 1.272032998160003 0.866
1733 1.280355356800237 0.8665
1734 1.288845273383638 0.867
1735 1.297178175497373 0.8675
1736 1.305280368220842 0.868
1737 1.312936907339284 0.8685
1738 1.320079433721402 0.869
1739 1.326603466242406 0.8695000000000001
1740 1.332429613976398 0.87
1741 1.337454976120551 0.8705000000000001
1742 1.341644949927732 0.871
1743 1.344965008663817 0.8715000000000001
1744 1.347449320078853 0.872
1745 1.348882794840053 0.8725000000000001
1746 1.349447351664418 0.873
1747 1.349029293288546 0.8735000000000001
1748 1.347685073440855 0.874
1749 1.345647681589624 0.8745000000000001
1750 1.342739198728261 0.875
1751 1.338979245854987 0.8755000000000001
1752 1.334479691160031 0.876
1753 1.329253703471236 0.8765000000000001
1754 1.323416492279114 0.877
1755 1.317097466766996 0.8775000000000001
1756 1.310376296353003 0.878
1757 1.303042645120654 0.8785000000000001
1758 1.295538576262302 0.879
1759 1.28779154660433 0.8795000000000001
1760 1.279975269485559 0.88
1761 1.272223901262743 0.8805000000000001
1762 1.264777632596876 0.881
1763 1.257655178395193 0.8815000000000001
1764 1.250947369850426 0.882
1765 1.244827898951989 0.8825000000000001
1766 1.239404034551715 0.883
1767 1.234793587416112 0.8835000000000001
1768 1.230979014048095 0.884
1769 1.228219562791091 0.8845000000000001
1770 1.226545299976132 0.885
1771 1.225994681502046 0.8855000000000001
1772 1.226622188326062 0.886
1773 1.228534312710124 0.8865000000000001
1774 1.23158643406817 0.887
1775 1.235596926118916 0.8875000000000001
1776 1.240668089481726 0.888
1777 1.246739677783524 0.8885000000000001
1778 1.253471842194322 0.889
1779 1.260848058118586 0.8895000000000001
1780 1.268646729872993 0.89
1781 1.276711078210497 0.8905000000000001
1782 1.284833221745861 0.891
1783 1.293107880009951 0.8915000000000001
1784 1.301102848487964 0.892
1785 1.308844835797878 0.8925000000000001
1786 1.316063446850716 0.893
1787 1.322742192878714 0.8935000000000001
1788 1.328685810149476 0.894
1789 1.333948502241525 0.8945000000000001
1790 1.338354589320357 0.895
1791 1.341889250596156 0.8955000000000001
1792 1.344537039103703 0.896
1793 1.346266196633315 0.8965
1794 1.347150840263031 0.897
1795 1.347101029111507 0.8975
1796 1.346128802070695 0.898
1797 1.344365502684336 0.8985
1798 1.341649910275529 0.899
1799 1.338069936554054 0.8995
1800 1.333779047021527 0.9
1801 1.328906661264196 0.9005
1802 1.323530865388663 0.901
1803 1.317459354073955 0.9015
1804 1.310795655431839 0.902
1805 1.303725397795589 0.9025
1806 1.296365907822894 0.903
1807 1.288767249664116 0.9035
1808 1.281104577605203 0.904
1809 1.273340972470566 0.9045
1810 1.2658027292436 0.905
1811 1.258634813661063 0.9055
1812 1.251739153713291 0.906
1813 1.245507352278117 0.9065
1814 1.239807012992388 0.907
1815 1.234892576133068 0.9075
1816 1.231042088365712 0.908
1817 1.228055936879457 0.9085
1818 1.226061807639683 0.909
1819 1.225094938123122 0.9095
1820 1.225367072721652 0.91
1821 1.226913588541781 0.9105
1822 1.229674175551391 0.911
1823 1.233561359300117 0.9115
1824 1.238418079488318 0.912
1825 1.244362422502485 0.9125
1826 1.25100856408327 0.913
1827 1.258320295747529 0.9135
1828 1.266336089635542 0.914
1829 1.274571542325275 0.9145
1830 1.282993510929219 0.915
1831 1.291612042743955 0.9155
1832 1.300042453346796 0.916
1833 1.308224518504032 0.9165
1834 1.315949812171533 0.917
1835 1.323110519572426 0.9175
1836 1.329699842435497 0.918
1837 1.33555874454723 0.9185
1838 1.340608021313767 0.919
1839 1.344794434166036 0.9195
1840 1.348100779915179 0.92
1841 1.350553933492168 0.9205
1842 1.351968646510833 0.921
1843 1.352485817273182 0.9215
1844 1.352006388078309 0.922
1845 1.350593868544933 0.9225
1846 1.348490749594975 0.923
1847 1.345482373353895 0.9235
1848 1.341651583305711 0.924
1849 1.337058063238004 0.9245
1850 1.331730793522703 0.925
1851 1.325782950900938 0.9255
1852 1.319338515990615 0.926
1853 1.312498894443452 0.9265
1854 1.305130253040805 0.927
1855 1.297474780309063 0.9275
1856 1.289649536525719 0.928
1857 1.281729329104692 0.9285
1858 1.273868288367295 0.929
1859 1.266313341977963 0.9295
1860 1.259120889178586 0.93
1861 1.252333955325325 0.9305
1862 1.246152488641432 0.931
1863 1.24067631399458 0.9315
1864 1.2360372629731 0.9320000000000001
1865 1.232204543941774 0.9325
1866 1.229452368054858 0.9330000000000001
1867 1.227785130577524 0.9335
1868 1.227262875502195 0.9340000000000001
1869 1.227919639384423 0.9345
1870 1.22990184170243 0.9350000000000001
1871 1.233036087667284 0.9355
1872 1.237121277266724 0.9360000000000001
1873 1.242284352168725 0.9365
1874 1.248465559068376 0.9370000000000001
1875 1.255296911097012 0.9375
1876 1.262775331640606 0.9380000000000001
1877 1.270656282040854 0.9385
1878 1.278821927974235 0.9390000000000001
1879 1.287029196146291 0.9395
1880 1.295384316086527 0.9400000000000001
1881 1.303419769905054 0.9405
1882 1.311215565612501 0.9410000000000001
1883 1.318479103476495 0.9415
1884 1.325160112828996 0.9420000000000001
1885 1.331132042327406 0.9425
1886 1.336402321150419 0.9430000000000001
1887 1.340796349763399 0.9435
1888 1.344317456359695 0.9440000000000001
1889 1.346916127691611 0.9445
1890 1.348611406569121 0.9450000000000001
1891 1.349466433376237 0.9455
1892 1.349326328982088 0.9460000000000001
1893 1.348292582594298 0.9465
1894 1.346460883485883 0.9470000000000001
1895 1.343721805642221 0.9475
1896 1.340042867772573 0.9480000000000001
1897 1.335656523017504 0.9485
1898 1.330717371521134 0.9490000000000001
1899 1.325240246754988 0.9495
1900 1.319078374970802 0.9500000000000001
1901 1.312332747627849 0.9505
1902 1.305172932318811 0.9510000000000001
1903 1.297728682817869 0.9515
1904 1.290052304098373 0.9520000000000001
1905 1.282302311405002 0.9525
1906 1.274476541752351 0.9530000000000001
1907 1.266853108832077 0.9535
1908 1.259634885996722 0.9540000000000001
1909 1.252679685343641 0.9545
1910 1.246423361724843 0.9550000000000001
1911 1.240695424391741 0.9555
1912 1.23576044032544 0.9560000000000001
1913 1.231906725177747 0.9565
1914 1.228934314740056 0.9570000000000001
1915 1.226967381122155 0.9575
1916 1.226034798425989 0.9580000000000001
1917 1.226347398244918 0.9585
1918 1.227978026780734 0.9590000000000001
1919 1.230817998853552 0.9595
1920 1.234763942405593 0.96
1921 1.239710433115882 0.9605
1922 1.245750214445911 0.961
1923 1.25248141781519 0.9615
1924 1.259885489349843 0.962
1925 1.267978127354654 0.9625
1926 1.276284316363129 0.963
1927 1.284762272554954 0.9635
1928 1.293459786030777 0.964
1929 1.301943124852692 0.9645
1930 1.310157825045469 0.965
1931 1.317908446570061 0.9655
1932 1.325057583085109 0.966
1933 1.331666314810939 0.9665
1934 1.337521769834387 0.967
1935 1.342556505056383 0.9675
1936 1.346714589614724 0.968
1937 1.349985082800736 0.9685
1938 1.352395881785175 0.969
1939 1.353764524413122 0.9695
1940 1.354228467220777 0.97
1941 1.353680391085403 0.9705
1942 1.352208126797589 0.971
1943 1.3500362236146 0.9715
1944 1.346954944425213 0.972
1945 1.343057035217596 0.9725
1946 1.338382137965842 0.973
1947 1.332978124376618 0.9735
1948 1.326951860979385 0.974
1949 1.320417940309957 0.9745
1950 1.313503582354699 0.975
1951 1.306085396380672 0.9755
1952 1.298348560567094 0.976
1953 1.290467908076396 0.9765
1954 1.282493946792377 0.977
1955 1.274577527178349 0.9775
1956 1.266965830802841 0.978
1957 1.259741831454736 0.9785
1958 1.252933039272672 0.979
1959 1.246731618189635 0.9795
1960 1.241248665537805 0.98
1961 1.236617523859445 0.9805
1962 1.232809407149611 0.981
1963 1.23008373937922 0.9815
1964 1.228464050576828 0.982
1965 1.227987511068313 0.9825
1966 1.22870290918844 0.983
1967 1.230759215297683 0.9835
1968 1.233974615505549 0.984
1969 1.23813409448934 0.9845
1970 1.243381593871057 0.985
1971 1.249648334644647 0.9855
1972 1.256558734393566 0.986
1973 1.264113364359214 0.9865
1974 1.272043819890859 0.987
1975 1.28027370151319 0.9875
1976 1.288539226362527 0.988
1977 1.296933449137543 0.9885
1978 1.304982303766936 0.989
1979 1.312801297238674 0.9895
1980 1.320065910692543 0.99
1981 1.326730823776792 0.9905
1982 1.332698612932913 0.991
1983 1.33795238597168 0.9915
1984 1.342307904459608 0.992
1985 1.345793349999405 0.9925
1986 1.348340271589714 0.993
1987 1.349984262321545 0.9935
1988 1.350798540057717 0.994
1989 1.350578179384477 0.9945000000000001
1990 1.349484324625071 0.995
1991 1.347588002768438 0.9955000000000001
1992 1.344796862222306 0.996
1993 1.341044238354763 0.9965000000000001
1994 1.336587001871724 0.997
1995 1.331590313568127 0.9975000000000001
1996 1.326038426486886 0.998
1997 1.319806227342144 0.9985000000000001
1998 1.312998990343125 0.999
1999 1.305778890822256 0.9995000000000001
2000 1.298271041101181 1
2001 1.290550398379705 1.0005
2002 1.282749796898603 1.001
2003 1.274888601570075 1.0015
2004 1.267231655329288 1.002
2005 1.259984623580851 1.0025
2006 1.253020647986236 1.003
2007 1.246762703135129 1.0035
2008 1.241035757789565 1.004
2009 1.236128455990308 1.0045
2010 1.232298932156821 1.005
2011 1.229359236228348 1.0055
2012 1.227442155085681 1.006
2013 1.226560069601221 1.0065
2014 1.226940038444436 1.007
2015 1.228654368125144 1.0075
2016 1.231573824721611 1.008
2017 1.235585117881162 1.0085
2018 1.240613194522647 1.009
2019 1.246736547569274 1.0095
2020 1.253536224066417 1.01
2021 1.261012915182793 1.0105
2022 1.269160536993149 1.011
2023 1.27751241338422 1.0115
2024 1.286033948567885 1.012
2025 1.294770493485316 1.0125
2026 1.303277308055061 1.013
2027 1.311496979990713 1.0135
2028 1.31924678394366 1.014
2029 1.32636857739186 1.0145
2030 1.332972500370051 1.015
2031 1.338800643536162 1.0155
2032 1.343801395840995 1.016
2033 1.347919044370969 1.0165
2034 1.3511420035388 1.017
2035 1.353501502823445 1.0175
2036 1.354809479305592 1.018
2037 1.355217064594532 1.0185
2038 1.354596022401363 1.019
2039 1.353068979562138 1.0195
2040 1.350833849266661 1.02
2041 1.347687093628781 1.0205
2042 1.343724665760911 1.021
2043 1.338978556353712 1.0215
2044 1.333511744794701 1.022
2045 1.327423517285961 1.0225
2046 1.320827795646618 1.023
2047 1.313858326008598 1.0235
2048 1.306394863102136 1.024
2049 1.298608950162457 1.0245
2050 1.290689606988634 1.025
2051 1.282687258686804 1.0255
2052 1.274745317195587 1.026
2053 1.267113876656934 1.0265
2054 1.259883331161797 1.027
2055 1.253078184498476 1.0275
2056 1.24688341823904 1.028
2057 1.241420304367423 1.0285
2058 1.23682251272983 1.029
2059 1.233054681394071 1.0295
2060 1.230370549005752 1.03
2061 1.228821441145447 1.0305
2062 1.228404209047079 1.031
2063 1.229192871003018 1.0315
2064 1.231330146069759 1.032
2065 1.234624318765982 1.0325
2066 1.238852647172271 1.033
2067 1.244186669206508 1.0335
2068 1.250519534012942 1.034
2069 1.257495518014958 1.0345
2070 1.2651099399757 1.035
2071 1.273076990479909 1.0355
2072 1.281352067497131 1.036
2073 1.289645299142722 1.0365
2074 1.298062925950557 1.037
2075 1.306110148599271 1.0375
2076 1.313933048031062 1.038
2077 1.321174885644448 1.0385
2078 1.327806631481171 1.039
2079 1.333756011384782 1.0395
2080 1.33897603830199 1.04
2081 1.343283496471323 1.0405
2082 1.346716339629476 1.041
2083 1.349210483321628 1.0415
2084 1.350796848616065 1.042
2085 1.35156182897885 1.0425
2086 1.351262603530998 1.043
2087 1.350113797060726 1.0435
2088 1.348154174923431 1.044
2089 1.34530065947054 1.0445
2090 1.341483272525471 1.045
2091 1.336971903054688 1.0455
2092 1.331921867234269 1.046
2093 1.326307693897719 1.0465
2094 1.320019936510377 1.047
2095 1.313164550734762 1.0475
2096 1.305896370244813 1.048
2097 1.298344068393912 1.0485
2098 1.290597631852 1.049
2099 1.282766557643872 1.0495
2100 1.274884272563951 1.05
2101 1.267221962785714 1.0505
2102 1.259968416505822 1.051
2103 1.253014878988486 1.0515
2104 1.24677374301484 1.052
2105 1.241068111971795 1.0525
2106 1.236206772237038 1.053
2107 1.23242226718759 1.0535
2108 1.229526714616598 1.054
2109 1.227670823299027 1.0545
2110 1.226848444279443 1.055
2111 1.227310991234317 1.0555
2112 1.229111569264755 1.056
2113 1.23210953782816 1.0565
2114 1.236189858213016 1.057
2115 1.241292711535543 1.0575
2116 1.247498633992608 1.058
2117 1.254347604628025 1.0585
2118 1.261891722055192 1.059
2119 1.270077640452321 1.0595
2120 1.278460194782321 1.06
2121 1.287019946811247 1.0605
2122 1.295770391376263 1.061
2123 1.304284342567905 1.0615
2124 1.312495197469209 1.062
2125 1.320227792478502 1.0625
2126 1.32731118596199 1.063
2127 1.333904214416259 1.0635
2128 1.33968288635694 1.064
2129 1.344640003400392 1.0645
2130 1.348710908642069 1.065
2131 1.351876116023675 1.0655
2132 1.354182562914153 1.066
2133 1.355422550994905 1.0665
2134 1.355770120756444 1.067
2135 1.35507524201179 1.0675
2136 1.35350000367211 1.068
2137 1.351198323276589 1.0685
2138 1.347990935215685 1.069
2139 1.343966074876462 1.0695
2140 1.339159298425246 1.07
2141 1.333635422615735 1.0705
2142 1.327496144643852 1.071
2143 1.320852631999638 1.0715
2144 1.31383821120656 1.072
2145 1.30633596320584 1.0725
2146 1.298518600875951 1.073
2147 1.290574073199877 1.0735
2148 1.282551855768615 1.074
2149 1.274604117519404 1.0745
2150 1.266975099615952 1.075
2151 1.25975209891673 1.0755
2152 1.252965921539589 1.076
2153 1.246793944831552 1.0765
2154 1.241367018734864 1.077
2155 1.236815668535367 1.0775
2156 1.233097136797675 1.078
2157 1.230467335274557 1.0785
2158 1.228999073994086 1.079
2159 1.228645452786351 1.0795
2160 1.229520987826768 1.08
2161 1.231739997112058 1.0805
2162 1.235110303882783 1.081
2163 1.239403006257759 1.0815
2164 1.244827673983337 1.082
2165 1.251213238901904 1.0825
2166 1.258247883256441 1.083
2167 1.265913656621633 1.0835
2168 1.273908816317576 1.084
2169 1.282213572126336 1.0845
2170 1.290526177669048 1.085
2171 1.298950401131133 1.0855
2172 1.306988473563384 1.086
2173 1.314800432940026 1.0865
2174 1.32200459863468 1.087
2175 1.328602000293827 1.0875
2176 1.334520778480884 1.088
2177 1.339695223413578 1.0885
2178 1.343952202346844 1.089
2179 1.347321241573687 1.0895
2180 1.349763777210161 1.09
2181 1.351287509627708 1.0905
2182 1.35199586350309 1.091
2183 1.351625598678474 1.0915
2184 1.350417619664072 1.092
2185 1.348401388482868 1.0925
2186 1.345478213824806 1.093
2187 1.341600507932763 1.0935
2188 1.337044625626058 1.094
2189 1.331943524480539 1.0945
2190 1.326276137352597 1.095
2191 1.319939978171377 1.0955
2192 1.313042706073088 1.096
2193 1.305736202292809 1.0965
2194 1.298150865254493 1.097
2195 1.290389944803791 1.0975
2196 1.282538708541585 1.098
2197 1.27464404022197 1.0985
2198 1.266992680208042 1.099
2199 1.259742813628388 1.0995
2200 1.252814141182484 1.1
2201 1.246598914234012 1.1005
2202 1.240925194103692 1.101
2203 1.236124912031601 1.1015
2204 1.232394266854544 1.102
2205 1.229554450530912 1.1025
2206 1.227761930870941 1.103
2207 1.22700636180789 1.1035
2208 1.227558981128331 1.104
2209 1.229445102951095 1.1045
2210 1.232522295058571 1.105
2211 1.236674280200914 1.1055
2212 1.241851055064619 1.106
2213 1.248130611661306 1.1065
2214 1.255023086316823 1.107
2215 1.262630240484738 1.1075
2216 1.270844678636889 1.108
2217 1.279247648835431 1.1085
2218 1.287845781717217 1.109
2219 1.296596045209027 1.1095
2220 1.305101723608133 1.11
2221 1.31329995743104 1.1105
2222 1.321007032000945 1.111
2223 1.328049224874677 1.1115
2224 1.334616258496642 1.112
2225 1.340339503289891 1.1125
2226 1.345245415642279 1.113
2227 1.349266782432931 1.1135
2228 1.352369791831867 1.114
2229 1.354620021587977 1.1145
2230 1.355789525133253 1.115
2231 1.356072791096967 1.1155
2232 1.355308793838382 1.116
2233 1.353681899440818 1.1165
2234 1.351315285833253 1.117
2235 1.348050458619572 1.1175
2236 1.343964572843867 1.118
2237 1.339102663232009 1.1185
2238 1.333526690065289 1.119
2239 1.327339845888241 1.1195
2240 1.320660954599349 1.12
2241 1.313606254486684 1.1205
2242 1.30606578811905 1.121
2243 1.298230113488651 1.1215
2244 1.290268917318207 1.122
2245 1.282228780960203 1.1225
2246 1.27428842937155 1.123
2247 1.266675474062065 1.1235
2248 1.259465263161959 1.124
2249 1.252707069158088 1.1245
2250 1.24656964083659 1.125
2251 1.241187603548891 1.1255
2252 1.236686458779376 1.126
2253 1.233030651264478 1.1265
2254 1.230461654693951 1.127
2255 1.229078468895405 1.1275
2256 1.228792788603026 1.128
2257 1.229753371660188 1.1285
2258 1.232062632289468 1.129
2259 1.235502946054315 1.1295
2260 1.239864008614098 1.13
2261 1.245372943471689 1.1305
2262 1.25180892340257 1.131
2263 1.258897159231301 1.1315
2264 1.266607606829002 1.132
2265 1.274631372812798 1.1325
2266 1.282950802012436 1.133
2267 1.291278768281851 1.1335
2268 1.299693602916092 1.134
2269 1.307720947310168 1.1345
2270 1.315516877197621 1.135
2271 1.32267479372528 1.1355
2272 1.329239141873363 1.136
2273 1.335117760860307 1.1365
2274 1.340238826882844 1.137
2275 1.34444339347895 1.1375
2276 1.347740228140355 1.138
2277 1.350134361064805 1.1385
2278 1.351595395405547 1.139
2279 1.352242547700179 1.1395
2280 1.351801975573048 1.14
2281 1.350533939669923 1.1405
2282 1.348468815833139 1.141
2283 1.34546865382586 1.1415
2284 1.341533086582033 1.142
2285 1.336938244749452 1.1425
2286 1.331790167613953 1.143
2287 1.326073746564284 1.1435
2288 1.31969326633267 1.144
2289 1.312760385382513 1.1445
2290 1.305418635847195 1.145
2291 1.297809103454511 1.1455
2292 1.290036954982174 1.146
2293 1.282172578889096 1.1465
2294 1.27426949136714 1.147
2295 1.266640212469055 1.1475
2296 1.259397067742284 1.148
2297 1.252505084324377 1.1485
2298 1.246321220980001 1.149
2299 1.240684666118648 1.1495
2300 1.235954867131811 1.15
2301 1.232281833000855 1.1505
2302 1.229504920215906 1.151
2303 1.227777683289188 1.1515
2304 1.227089943588218 1.152
2305 1.227741950683905 1.1525
2306 1.229712396791264 1.153
2307 1.232870432358352 1.1535
2308 1.237092766519395 1.154
2309 1.242339859382997 1.1545
2310 1.248691294479303 1.155
2311 1.255622470224834 1.1555
2312 1.263287691649121 1.156
2313 1.271525210922819 1.1565
2314 1.279945448045315 1.157
2315 1.288580370592901 1.1575
2316 1.297319985816056 1.158
2317 1.305808915424028 1.1585
2318 1.313989123283202 1.159
2319 1.321669440745389 1.1595
2320 1.328666390219749 1.16
2321 1.335198584422732 1.1605
2322 1.340867459312782 1.161
2323 1.345713277988281 1.1615
2324 1.349682718962002 1.162
2325 1.352723956034959 1.1625
2326 1.354912352048675 1.163
2327 1.356014244567139 1.1635
2328 1.35622752712865 1.164
2329 1.355404989149877 1.1645
2330 1.353716733026985 1.165
2331 1.351291086999725 1.1655
2332 1.347968147786758 1.166
2333 1.343824105513583 1.1665
2334 1.338909057333544 1.167
2335 1.333285750590637 1.1675
2336 1.327052574759668 1.168
2337 1.320345772994655 1.1685
2338 1.313253726954539 1.169
2339 1.305675442403475 1.1695
2340 1.297830157064409 1.17
2341 1.289859081424792 1.1705
2342 1.281797833410437 1.171
2343 1.273872353295923 1.1715
2344 1.266286380343173 1.172
2345 1.259093600694912 1.1725
2346 1.252368046555811 1.173
2347 1.246271064527942 1.1735
2348 1.240936159021419 1.174
2349 1.236489090956179 1.1745
2350 1.232905967527901 1.175
2351 1.230400194630879 1.1755
2352 1.229104547963999 1.176
2353 1.228886239900235 1.1765
2354 1.229937544937431 1.177
2355 1.232337891819346 1.1775
2356 1.235842257837908 1.178
2357 1.240274006992091 1.1785
2358 1.245865249573847 1.179
2359 1.252347420077422 1.1795
2360 1.25948850606987 1.18
2361 1.267235237480095 1.1805
2362 1.275290225011759 1.181
2363 1.283615346568719 1.1815
2364 1.291960129023548 1.182
2365 1.300352237735891 1.1825
2366 1.308369684474274 1.183
2367 1.316145758393079 1.1835
2368 1.323255263600306 1.184
2369 1.329781701815741 1.1845
2370 1.335618072924553 1.185
2371 1.340678095576753 1.1855
2372 1.344830607316756 1.186
2373 1.348054147845675 1.1865
2374 1.350399908741124 1.187
2375 1.351797562173375 1.1875
2376 1.352375475315542 1.188
2377 1.351870875091909 1.1885
2378 1.35053973117453 1.189
2379 1.348428262791747 1.1895
2380 1.345351154076066 1.19
2381 1.341362484026389 1.1905
2382 1.336730260494452 1.191
2383 1.331537162077857 1.1915
2384 1.325772295048135 1.192
2385 1.319350310906705 1.1925
2386 1.312382610702705 1.193
2387 1.305011918148844 1.1935
2388 1.29738404909742 1.194
2389 1.289603492358674 1.1945
2390 1.281728119181125 1.195
2391 1.273820048171305 1.1955
2392 1.266218868624194 1.196
2393 1.25898570305011 1.1965
2394 1.252136079430779 1.197
2395 1.245985511162655 1.1975
2396 1.240392873261033 1.198
2397 1.235737431881383 1.1985
2398 1.232126875484589 1.199
2399 1.229410251075391 1.1995
2400 1.227751926235221 1.2
2401 1.227134922261246 1.2005
2402 1.22788738448725 1.201
2403 1.229941375899583 1.2015
2404 1.23318373221834 1.202
2405 1.237475030235398 1.2025
2406 1.242792856662051 1.203
2407 1.2492106551724 1.2035
2408 1.25618117523626 1.204
2409 1.263896488406098 1.2045
2410 1.272158329769171 1.205
2411 1.280592254430083 1.2055
2412 1.289258228109251 1.206
2413 1.297984756163303 1.2065
2414 1.306454397518134 1.207
2415 1.314612057858628 1.2075
2416 1.322253609278328 1.208
2417 1.329216542738189 1.2085
2418 1.335705956538433 1.209
2419 1.341318764848921 1.2095
2420 1.346100676745466 1.21
2421 1.350014603632453 1.2105
2422 1.352997915176171 1.211
2423 1.355124719272361 1.2115
2424 1.356152856039416 1.212
2425 1.356295886381772 1.2125
2426 1.355413586993516 1.213
2427 1.353671296280853 1.2135
2428 1.351186529158956 1.214
2429 1.347804150262006 1.2145
2430 1.343605264140767 1.215
2431 1.338634091105891 1.2155
2432 1.332970082815777 1.216
2433 1.326690114621422 1.2165
2434 1.319957996825362 1.217
2435 1.312832799866947 1.2175
2436 1.305215404762021 1.218
2437 1.297363971351988 1.2185
2438 1.289387233339351 1.219
2439 1.281310250307309 1.2195
2440 1.27340426025126 1.22
2441 1.265842652634343 1.2205
2442 1.258674310384884 1.221
2443 1.251983614940657 1.2215
2444 1.24593081325615 1.222
2445 1.240648644803763 1.2225
2446 1.236256223646104 1.223
2447 1.232749698169602 1.2235
2448 1.230309724389807 1.224
2449 1.22909722299621 1.2245
2450 1.228954607452549 1.225
2451 1.230099242111685 1.2255
2452 1.232586315448514 1.226
2453 1.236155107029071 1.2265
2454 1.240655971783341 1.227
2455 1.246327433820604 1.2275
2456 1.252854857818504 1.228
2457 1.260048203486263 1.2285
2458 1.267826349957837 1.229
2459 1.275915359213501 1.2295
2460 1.284229993754386 1.23
2461 1.292605251503079 1.2305
2462 1.300965629804295 1.231
2463 1.308970770737176 1.2315
2464 1.316721014611022 1.232
2465 1.323784652550575 1.2325
2466 1.330269122086788 1.233
2467 1.33605821196326 1.2335
2468 1.34105536398688 1.234
2469 1.345157642121665 1.2345
2470 1.34830874023697 1.235
2471 1.350602107059603 1.2355
2472 1.351939211071965 1.236
2473 1.352445193415247 1.2365
2474 1.35187723325281 1.237
2475 1.350484682934148 1.2375
2476 1.348324789439483 1.238
2477 1.345171515874683 1.2385
2478 1.341130916451864 1.239
2479 1.336463243593792 1.2395
2480 1.331228606840459 1.24

