(title "Spectral Analysis of drag-rfile")
(labels "Frequency (Hz)" "Power Spectral Density")

((xy/key/label "drag(cylinder)")
2.2197559e+00	2.4859021e-06
4.4395118e+00	1.0323050e-06
6.6592674e+00	6.2734313e-07
8.8790236e+00	4.8849569e-07
1.1098779e+01	4.4490068e-07
1.3318535e+01	4.4936786e-07
1.5538291e+01	4.8783897e-07
1.7758047e+01	5.6401268e-07
1.9977802e+01	1.2130488e-06
2.2197557e+01	1.1134914e-06
2.4417315e+01	1.1988301e-06
2.6637070e+01	1.5697871e-06
2.8856825e+01	2.2085167e-06
3.1076582e+01	3.3478184e-06
3.3296337e+01	5.6231702e-06
3.5516094e+01	1.1151914e-05
3.7735847e+01	3.0779400e-05
3.9955605e+01	2.3643525e-04
4.2175362e+01	4.9062137e-04
4.4395115e+01	4.1046227e-05
4.6614872e+01	1.4370145e-05
4.8834629e+01	7.3636747e-06
5.1054382e+01	4.5138790e-06
5.3274139e+01	3.0717447e-06
5.5493896e+01	2.2386616e-06
5.7713650e+01	1.7127084e-06
5.9933407e+01	1.3608269e-06
6.2153164e+01	1.0538340e-06
6.4372917e+01	9.0922839e-07
6.6592674e+01	7.6968070e-07
6.8812431e+01	6.5949439e-07
7.1032188e+01	5.7059680e-07
7.3251945e+01	4.9697184e-07
7.5471695e+01	4.3388394e-07
7.7691452e+01	3.7695341e-07
7.9911209e+01	3.2123128e-07
8.2130966e+01	9.5529333e-07
8.4350723e+01	4.9933772e-07
8.6570480e+01	3.5337661e-07
8.8790230e+01	3.0257630e-07
9.1009987e+01	2.7061526e-07
9.3229744e+01	2.4640752e-07
9.5449501e+01	2.2663578e-07
9.7669258e+01	2.0988959e-07
9.9889015e+01	1.9546411e-07
1.0210876e+02	1.8428568e-07
1.0432852e+02	1.6924088e-07
1.0654828e+02	1.6043249e-07
1.0876804e+02	1.5130009e-07
1.1098779e+02	1.4290003e-07
1.1320755e+02	1.3522583e-07
1.1542730e+02	1.2818501e-07
1.1764706e+02	1.2167652e-07
1.1986681e+02	1.1543855e-07
1.2208657e+02	1.0890176e-07
1.2430633e+02	1.1114459e-07
1.2652608e+02	1.0161683e-07
1.2874583e+02	9.6948440e-08
1.3096559e+02	9.2731561e-08
1.3318535e+02	8.8834263e-08
1.3540511e+02	8.5196199e-08
1.3762486e+02	8.1797914e-08
1.3984462e+02	7.8620751e-08
1.4206438e+02	7.5610245e-08
1.4428413e+02	7.0847157e-08
1.4650389e+02	7.0502480e-08
1.4872363e+02	6.7853001e-08
1.5094339e+02	6.5411278e-08
1.5316315e+02	6.3067560e-08
1.5538290e+02	6.0834402e-08
1.5760266e+02	5.8640996e-08
1.5982242e+02	5.6338667e-08
1.6204218e+02	5.3446325e-08
1.6426193e+02	4.5010232e-08
1.6648169e+02	5.7328112e-08
1.6870145e+02	5.2681532e-08
1.7092120e+02	5.0533870e-08
1.7314096e+02	4.8825409e-08
1.7536072e+02	4.7321837e-08
1.7758046e+02	4.5932904e-08
1.7980022e+02	4.4659672e-08
1.8201997e+02	4.3585615e-08
1.8423973e+02	4.2934012e-08
1.8645949e+02	4.0795115e-08
1.8867924e+02	3.9909743e-08
1.9089900e+02	3.8846874e-08
1.9311876e+02	3.7869071e-08
1.9533852e+02	3.6909586e-08
1.9755827e+02	3.5957115e-08
1.9977803e+02	3.5012224e-08
2.0199779e+02	3.4040582e-08
2.0421753e+02	3.3197889e-08
2.0643729e+02	3.9592759e-08
2.0865704e+02	3.2823518e-08
2.1087680e+02	3.1850668e-08
2.1309656e+02	3.1034315e-08
2.1531631e+02	3.0316343e-08
2.1753607e+02	2.9639661e-08
2.1975583e+02	2.8995734e-08
2.2197559e+02	2.8399409e-08
2.2419534e+02	2.7910268e-08
2.2641510e+02	2.8613753e-08
2.2863486e+02	2.6265056e-08
2.3085460e+02	2.5938169e-08
2.3307436e+02	2.5455645e-08
2.3529411e+02	2.4989928e-08
2.3751387e+02	2.4523338e-08
2.3973363e+02	2.4079064e-08
2.4195338e+02	2.3667710e-08
2.4417314e+02	2.3352721e-08
2.4639290e+02	2.3266466e-08
2.4861266e+02	2.3026562e-08
2.5083241e+02	2.2048415e-08
2.5305217e+02	2.1575653e-08
2.5527193e+02	2.1160306e-08
2.5749167e+02	2.0772417e-08
2.5971143e+02	2.0395623e-08
2.6193118e+02	2.0006105e-08
2.6415094e+02	1.9585086e-08
2.6637070e+02	1.9114117e-08
2.6859045e+02	2.1480226e-08
2.7081021e+02	1.9401194e-08
2.7302997e+02	1.8826418e-08
2.7524973e+02	1.8428302e-08
2.7746948e+02	1.8107929e-08
2.7968924e+02	1.7805869e-08
2.8190900e+02	1.7529032e-08
2.8412875e+02	1.7291901e-08
2.8634851e+02	1.7093210e-08
2.8856827e+02	1.6415177e-08
2.9078802e+02	1.6649398e-08
2.9300778e+02	1.6273873e-08
2.9522754e+02	1.6032583e-08
2.9744727e+02	1.5806405e-08
2.9966702e+02	1.5586709e-08
3.0188678e+02	1.5395567e-08
3.0410654e+02	1.5268267e-08
3.0632629e+02	1.5270905e-08
3.0854605e+02	1.5878134e-08
3.1076581e+02	1.3889001e-08
3.1298557e+02	1.4057820e-08
3.1520532e+02	1.3955701e-08
3.1742508e+02	1.3806788e-08
3.1964484e+02	1.3647614e-08
3.2186459e+02	1.3485596e-08
3.2408435e+02	1.3328709e-08
3.2630411e+02	1.3159675e-08
3.2852386e+02	1.2917058e-08
3.3074362e+02	1.2595947e-08
3.3296338e+02	1.2625375e-08
3.3518314e+02	1.2483023e-08
3.3740289e+02	1.2339225e-08
3.3962265e+02	1.2201978e-08
3.4184241e+02	1.2075800e-08
3.4406216e+02	1.1973554e-08
3.4628192e+02	1.1921803e-08
3.4850168e+02	1.1947983e-08
3.5072144e+02	1.0836885e-08
3.5294116e+02	1.1347872e-08
3.5516092e+02	1.1161919e-08
3.5738068e+02	1.1057423e-08
3.5960043e+02	1.0954683e-08
3.6182019e+02	1.0860362e-08
3.6403995e+02	1.0776751e-08
3.6625970e+02	1.0705588e-08
3.6847946e+02	1.0723758e-08
3.7069922e+02	1.1362330e-08
3.7291898e+02	9.7161523e-09
3.7513873e+02	9.9850395e-09
3.7735849e+02	9.9515782e-09
3.7957825e+02	9.8814130e-09
3.8179800e+02	9.8058388e-09
3.8401776e+02	9.7318997e-09
3.8623752e+02	9.6647588e-09
3.8845728e+02	9.6162545e-09
3.9067703e+02	9.5073247e-09
3.9289679e+02	9.1104058e-09
3.9511655e+02	9.0675583e-09
3.9733630e+02	9.0034638e-09
3.9955606e+02	8.9600274e-09
4.0177582e+02	8.9078336e-09
4.0399557e+02	8.8491721e-09
4.0621530e+02	8.7765635e-09
4.0843506e+02	8.7046699e-09
4.1065482e+02	8.4732310e-09
4.1287457e+02	9.3537285e-09
4.1509433e+02	8.2188789e-09
4.1731409e+02	8.1924689e-09
4.1953384e+02	8.1504705e-09
4.2175360e+02	8.1043705e-09
4.2397336e+02	8.0562579e-09
4.2619312e+02	8.0175937e-09
4.2841287e+02	7.9637754e-09
4.3063263e+02	7.8858049e-09
4.3285239e+02	7.6517122e-09
4.3507214e+02	7.6457214e-09
4.3729190e+02	7.6614288e-09
4.3951166e+02	7.6080076e-09
4.4173141e+02	7.5307298e-09
4.4395117e+02	7.4529387e-09
4.4617093e+02	7.3891160e-09
4.4839069e+02	7.3266087e-09
4.5061044e+02	7.2391195e-09
4.5283020e+02	7.0751427e-09
4.5504996e+02	7.1872810e-09
4.5726971e+02	7.1455468e-09
4.5948944e+02	7.0673942e-09
4.6170920e+02	7.0102470e-09
4.6392896e+02	6.9529906e-09
4.6614871e+02	6.8990338e-09
4.6836847e+02	6.8524657e-09
4.7058823e+02	6.7944765e-09
4.7280798e+02	6.6705148e-09
4.7502774e+02	6.7900841e-09
4.7724750e+02	6.6723027e-09
4.7946725e+02	6.6439112e-09
4.8168701e+02	6.6008212e-09
4.8390677e+02	6.5531172e-09
4.8612653e+02	6.5071668e-09
4.8834628e+02	6.4747652e-09
4.9056604e+02	6.4540573e-09
4.9278580e+02	6.3757684e-09
4.9500555e+02	6.4362013e-09
4.9722531e+02	6.0318359e-09
4.9944507e+02	6.0734888e-09
5.0166483e+02	6.0789822e-09
5.0388458e+02	6.0588827e-09
5.0610434e+02	6.0238681e-09
5.0832410e+02	5.9964536e-09
5.1054385e+02	5.9598317e-09
5.1276361e+02	5.8793419e-09
5.1498334e+02	5.8375638e-09
5.1720313e+02	5.6870229e-09
5.1942285e+02	5.7604788e-09
5.2164264e+02	5.7515677e-09
5.2386237e+02	5.7179852e-09
5.2608215e+02	5.6868297e-09
5.2830188e+02	5.6614593e-09
5.3052167e+02	5.6376623e-09
5.3274139e+02	5.6126832e-09
5.3496118e+02	5.6296323e-09
5.3718091e+02	5.4144400e-09
5.3940070e+02	5.3893459e-09
5.4162042e+02	5.3919145e-09
5.4384015e+02	5.3632632e-09
5.4605994e+02	5.3411542e-09
5.4827966e+02	5.3198468e-09
5.5049945e+02	5.3131415e-09
5.5271918e+02	5.3288778e-09
5.5493896e+02	5.4746168e-09
5.5715869e+02	4.8494484e-09
5.5937848e+02	5.1589422e-09
5.6159821e+02	5.1530162e-09
5.6381799e+02	5.1243534e-09
5.6603772e+02	5.0964348e-09
5.6825751e+02	5.0691087e-09
5.7047723e+02	5.0484084e-09
5.7269702e+02	5.0193689e-09
5.7491675e+02	4.9561333e-09
5.7713654e+02	5.6449236e-09
5.7935626e+02	4.6829642e-09
5.8157605e+02	4.7840087e-09
5.8379578e+02	4.7880651e-09
5.8601556e+02	4.7837592e-09
5.8823529e+02	4.7718798e-09
5.9045508e+02	4.7629740e-09
5.9267480e+02	4.7362336e-09
5.9489453e+02	4.6396660e-09
5.9711432e+02	4.4236397e-09
5.9933405e+02	4.7001194e-09
6.0155383e+02	4.6791082e-09
6.0377356e+02	4.6384776e-09
6.0599335e+02	4.6124020e-09
6.0821307e+02	4.5932742e-09
6.1043286e+02	4.5750270e-09
6.1265259e+02	4.5529860e-09
6.1487238e+02	4.5211253e-09
6.1709210e+02	4.5852242e-09
6.1931189e+02	4.2531734e-09
6.2153162e+02	4.4629074e-09
6.2375140e+02	4.4453992e-09
6.2597113e+02	4.4274713e-09
6.2819092e+02	4.4135167e-09
6.3041064e+02	4.3950577e-09
6.3263043e+02	4.3725898e-09
6.3485016e+02	4.3421657e-09
6.3706995e+02	4.2531121e-09
6.3928967e+02	4.3733817e-09
6.4150946e+02	4.3113348e-09
6.4372919e+02	4.2941495e-09
6.4594897e+02	4.2735970e-09
6.4816870e+02	4.2559622e-09
6.5038843e+02	4.2476191e-09
6.5260822e+02	4.2411803e-09
6.5482794e+02	4.2499289e-09
6.5704773e+02	4.3031108e-09
6.5926746e+02	4.5774984e-09
6.6148724e+02	3.7754950e-09
6.6370697e+02	3.9679389e-09
6.6592676e+02	3.9925130e-09
6.6814648e+02	3.9965076e-09
6.7036627e+02	3.9829700e-09
6.7258600e+02	3.9574983e-09
6.7480579e+02	3.9265466e-09
6.7702551e+02	3.9000079e-09
6.7924530e+02	3.8791867e-09
6.8146503e+02	4.0180193e-09
6.8368481e+02	4.0286023e-09
6.8590454e+02	3.9777337e-09
6.8812433e+02	3.9324726e-09
6.9034406e+02	3.9060719e-09
6.9256384e+02	3.8884629e-09
6.9478357e+02	3.8766337e-09
6.9700336e+02	3.8601935e-09
6.9922308e+02	3.8110213e-09
7.0144287e+02	4.3672470e-09
7.0366260e+02	3.7434433e-09
7.0588232e+02	3.7851078e-09
7.0810211e+02	3.7888550e-09
7.1032184e+02	3.7781360e-09
7.1254163e+02	3.7612247e-09
7.1476135e+02	3.7448475e-09
7.1698114e+02	3.7263361e-09
7.1920087e+02	3.7546593e-09
7.2142065e+02	4.0662576e-09
7.2364038e+02	3.6424654e-09
7.2586017e+02	3.6303338e-09
7.2807990e+02	3.6365959e-09
7.3029968e+02	3.6362331e-09
7.3251941e+02	3.6333792e-09
7.3473920e+02	3.6221333e-09
7.3695892e+02	3.6071233e-09
7.3917871e+02	3.6266037e-09
7.4139844e+02	3.6555077e-09
7.4361823e+02	3.5730019e-09
7.4583795e+02	3.6058110e-09
7.4805774e+02	3.5984078e-09
7.5027747e+02	3.5811452e-09
7.5249725e+02	3.5656158e-09
7.5471698e+02	3.5547407e-09
7.5693671e+02	3.5514724e-09
7.5915649e+02	3.5547527e-09
7.6137622e+02	3.4998884e-09
7.6359601e+02	3.6233825e-09
7.6581573e+02	3.5552155e-09
7.6803552e+02	3.5261545e-09
7.7025525e+02	3.5181553e-09
7.7247504e+02	3.5144687e-09
7.7469476e+02	3.5036767e-09
7.7691455e+02	3.5008862e-09
7.7913428e+02	3.5083083e-09
7.8135406e+02	3.5141070e-09
7.8357379e+02	3.1171610e-09
7.8579358e+02	3.4565426e-09
7.8801331e+02	3.4047476e-09
7.9023309e+02	3.3922221e-09
7.9245282e+02	3.3922043e-09
7.9467261e+02	3.3814036e-09
7.9689233e+02	3.3711904e-09
7.9911212e+02	3.3522440e-09
8.0133185e+02	3.3053151e-09
8.0355164e+02	3.0568021e-09
8.0577136e+02	3.4181180e-09
8.0799115e+02	3.3386214e-09
8.1021088e+02	3.3335432e-09
8.1243060e+02	3.3313072e-09
8.1465039e+02	3.3215775e-09
8.1687012e+02	3.3121175e-09
8.1908990e+02	3.3137251e-09
8.2130963e+02	3.3220884e-09
8.2352942e+02	3.3446674e-09
8.2574915e+02	3.3313576e-09
8.2796893e+02	3.2569365e-09
8.3018866e+02	3.2486422e-09
8.3240845e+02	3.2467027e-09
8.3462817e+02	3.2429452e-09
8.3684796e+02	3.2365826e-09
8.3906769e+02	3.2263570e-09
8.4128748e+02	3.2288079e-09
8.4350720e+02	3.2590410e-09
8.4572699e+02	3.3696139e-09
8.4794672e+02	3.2704364e-09
8.5016650e+02	3.2615703e-09
8.5238623e+02	3.2337641e-09
8.5460602e+02	3.2176668e-09
8.5682574e+02	3.2082672e-09
8.5904553e+02	3.1938927e-09
8.6126526e+02	3.1863392e-09
8.6348505e+02	3.1488054e-09
8.6570477e+02	3.2066574e-09
8.6792450e+02	3.2342293e-09
8.7014429e+02	3.1765088e-09
8.7236401e+02	3.1763800e-09
8.7458380e+02	3.1635539e-09
8.7680353e+02	3.1546057e-09
8.7902332e+02	3.1463405e-09
8.8124304e+02	3.1471932e-09
8.8346283e+02	3.1681346e-09
8.8568256e+02	3.1753842e-09
8.8790234e+02	3.1318497e-09
8.9012207e+02	3.1258516e-09
8.9234186e+02	3.1200933e-09
8.9456158e+02	3.1260423e-09
8.9678137e+02	3.1229834e-09
8.9900110e+02	3.1130789e-09
9.0122089e+02	3.0972913e-09
9.0344061e+02	3.0696561e-09
9.0566040e+02	2.8730014e-09
9.0788013e+02	3.2118561e-09
9.1009991e+02	3.1648777e-09
9.1231964e+02	3.1334515e-09
9.1453943e+02	3.1330079e-09
9.1675916e+02	3.1254273e-09
9.1897888e+02	3.1273575e-09
9.2119867e+02	3.1272822e-09
9.2341840e+02	3.1290659e-09
9.2563818e+02	3.1173493e-09
9.2785791e+02	3.2218415e-09
9.3007770e+02	2.9945846e-09
9.3229742e+02	3.0493803e-09
9.3451721e+02	3.0516809e-09
9.3673694e+02	3.0534417e-09
9.3895673e+02	3.0545597e-09
9.4117645e+02	3.0605998e-09
9.4339624e+02	3.0616414e-09
9.4561597e+02	3.0597156e-09
9.4783575e+02	2.9944898e-09
9.5005548e+02	3.0563678e-09
9.5227527e+02	3.0707259e-09
9.5449500e+02	3.0542577e-09
9.5671478e+02	3.0406682e-09
9.5893451e+02	3.0342906e-09
9.6115430e+02	3.0386078e-09
9.6337402e+02	3.0294440e-09
9.6559381e+02	2.9868872e-09
9.6781354e+02	2.8883649e-09
9.7003333e+02	3.1812757e-09
9.7225305e+02	3.0804816e-09
9.7447278e+02	3.0775196e-09
9.7669257e+02	3.0651339e-09
9.7891229e+02	3.0575058e-09
9.8113208e+02	3.0614682e-09
9.8335181e+02	3.0789584e-09
9.8557159e+02	3.1067038e-09
9.8779132e+02	3.1261385e-09
9.9001111e+02	2.9190428e-09
9.9223083e+02	3.0750544e-09
9.9445062e+02	3.0305922e-09
9.9667035e+02	3.0246334e-09
9.9889014e+02	3.0280083e-09
)
